10.3978
2.5394
0.1732
0.6754
1.19915
6.1824
82.1288
46.6286
67.1724
13.3044
17.3413
46.05805
72.8846
1.1735
1.4212
1.8314
20.201975
51.29685
58.77
0.002
5.49575
22.4097
30.5317333333333
57.805125
86.6725833333333
59.6166
10.2523
8.25
14.1274
8.158
0
8.4744
0.014
0.03135
40.9341333333333
90.8767
96.1930625
0
66.727
10.4752
26.44365
2.0298
20.1094
56.9806
1.3577
2.4678
72.95135
0
0
0
0
8.79234444444444
57.1321666666667
65.8793
0
0.0412
0.0612
0.2865
0.792116666666667
0
4.2508
31.3508
70.5056
86.9748
1.3356
2.4249
20.1505
49.004475
2.8763
72.1081
1.8214
2.5145
2.7924
7.9257
21.42835
39.6272
0
0
0.0227
2.394125
0
0
2.7985
0.066
19.7556
54.2374333333333
0.9073
14.5096
0.0064
16.2646
0.672
3.44295
0
0
0
3.2298
6.7423
9.03165
17.8183466666667
2.3505
72.8002
85.9083
0
0
3.0085
13.9067
0
3.2914
0.0168
1.7935
0
0.0017
0.0289
0.0479
0.0860666666666667
0.09705
2.24966666666667
2.7507
19.98055
27.3102333333333
0
77.12605
0
6.9484
21.96205
68.756
0.3552
2.6975
2.9287
4.2985
5.72843333333333
5.897
7.25645
10.3693333333333
13.4641
46.3634375
62.19275
74.4528074074074
105.0995
30.5201
85.2826
70.8419
3.5263
6.3216
21.3094
47.7068
0
8.9243
2.5258
2.4287
34.5721
3.2028
0.0879
3.8977
0
0.6405
1.58865
0.7495
0.009
0.0078
9.1666
0
0
0
0
0.0175
0.0197
2.59355
20.3591777777778
71.6442111111111
3.2075
8.73935
37.4347
4.1839
82.34905
4.0405
31.668
5.3118
9.7433
14.1276
54.07135
73.7004666666667
3.0907
0
8.59475
12.1425
69.3865
74.7611
0
0
0
0
0.0332
5.2579
67.054575
82.2031875
0
7.2369
70.7586
0.0155
0.02875
42.1344
74.83005
70.2146
0
0.8828
1.6844
1.779475
2.0441
3.451825
20.11675
0.0802
0.0822
0.0851
0.0918
0.10145
0.122675
0.143333333333333
0.144675
0.18086
0.213066666666667
0.32842
0.4121
0.852
1.72170833333333
10.4711384615385
33.25265
42.1704482142857
78.2336
0.1837
0.422
1.9144
7.2317
8.6380125
0.4432
0.5863
0.7967
0
2.4977
0.025
3.7983
32.596
66.2499
0
0.0076
0.0489
0.0628333333333333
45.6843125
16.3033
0
0
2.5315
34.9315
54.88755
58.5695166666667
64.9449866666667
82.7684
0.0519
0.0634
2.11843333333333
2.822
35.43195
10.8482
82.57305
0.027
0.1467
0.4968
1.14308333333333
1.43278
46.5823
1.7393
21.7079
61.11735
76.2798
85.53175
3.6856
0.8682
5.8463
19.4066
63.46945
0
2e-04
91.403725
97.29025
68.2048
0
0
0
0
0
0
0
0.0052
0.00616666666666667
1.1923
3.0008
4.9417625
25.1696388888889
42.3167388888889
59.36202
0
0
2.7635
3.45843333333333
81.1996
0.01
0
0.0097
3.2432
67.136525
79.83965
0
0
0.0571
2.3224
2.36725
2.97963333333333
20.00394
4.3224
30.7834
70.3415666666667
0
0
76.2589
0
0.006
0.0062
0.0225
0.0353166666666667
1.56288
2.15938571428571
3.6911
9.79535
14.9014
20.4592625
30.3091833333333
34.8346377777778
0
0
0.0073
1.8458
0
0
0
3.1293
6.4311
9.456975
47.7872133333333
79.82035
0
3.1979
64.89235
0.0076
0
0
13.9565333333333
1.0845
0
0.0047
98.2547
0.1319
0.4634
77.0282666666667
1.9362
94.7645
2.3685
2.6089
70.40995
77.4952333333333
5.4624
3.6402
0
2.1427
19.67905
4.6097
2.4578
36.00675
0
73.2823
2.9348
33.588
0
0
0
0
0
0
0
0
0
0
0
0
0
0
0
0
0
0
0
0
0
0
0
0.6431
1.9279
2.35149230769231
7.40493163265306
10.7732928571429
83.3943034482759
0
0
2e-04
1.32323333333333
38.782325
3.466
5.1496
8.9518
59.71365
69.9514666666667
70.89096
70.6124
0
1.0984
0
6.2913
3.9612
9.8722
42.6601
71.1642
0.0454
0.24865
0.899333333333333
1.196575
1.47338
10.1791
0
13.3402
0
54.5099
0.0145
0.1465
0.8521
1.514375
3.93924
2.3306
36.3474
56.410725
3.7738
35.45145
0.4452
7.15955
2.509
3.5647
6.5636
41.24405
74.89585
78.33023
3.4211
0
0
0
75.126175
2.058
87.8237
17.9895
44.07545
2.6117
10.3792
43.81115
64.07825
70.6704666666667
0
0
0
0.0021
1.92185
5.85975
0.666
0.0032
5.22925
33.3518666666667
51.26625
11.6918
17.84705
0
0.00195
1.6885
0.0306
13.2535
7.498
61.6225
0.0845
2.6003
2.81195
3.3811
4.1863
47.7799166666667
0
13.5413
0.0105
9.2833
61.595
77.971
8.2776
0.1233
2.2293
86.58505
94.6584
0
0
5.6768
5.6768
5.6768
5.6768
5.73892
4.6325
74.0324
2.8804
4.2373
3.3931
3.8712
15.5311
41.5759166666667
0
63.98865
67.4883666666667
80.7806
81.5744
82.195075
74.3992
0.0024
14.8479
0
15.9459
0
0.0039
2.7122
54.3622
1.7591
2.40515
3.01233333333333
34.227375
0
2.751
18.2322333333333
7.8923
2.7483
10.7497
30.2563
82.258125
1.4901
27.078
1.1982
2.6801
5.394475
13.5064
31.8981
59.4747833333333
0.0069
4.1764
9.0908
35.9594333333333
59.6431375
69.8951166666667
0
0
2.2609
5.347
3.8837
50.4455
0
2.5697
18.4047
0.009
2.35165
70.9493666666667
19.1976
0.0024
65.3453
67.79685
4.578
4.0047
6.50875
74.1510666666667
0.7237
0.7976
4.1607
72.0588
4.87
17.31765
73.1023
0.3021
70.9167
77.7504
0
0
0
0.0894
0.1335
0.7449
1.0228
1.0741
1.0752
1.1032
1.1407
1.2748
1.2937
1.3388
1.3739
1.5315
1.7245
1.83405
1.8964
1.91975
2.71785
2.95715
3.2093
3.498975
3.6408
3.86845
3.898575
3.91825
4.08678333333333
5.96779
6.89238333333333
11.1360777777778
14.0049
16.275365
17.1209266666667
27.0020933333333
31.0537222222222
33.2527329411765
34.8393948051948
41.6454005050505
53.359685
55.2136402439024
0
0.0011
2.8674
48.7290333333333
54.266275
0
0
0
0
0.010375
0.0166
17.76638
51.7410375
0
0
0
10.8357333333333
4.2445
41.4995
60.33825
60.2647
2.4497
62.22535
2.4076
8.8052
0.6604
0.7091
0.91725
1.1489
1.8999
5.22045
15.748
48.898095
0
0.0061
2.13763333333333
2.8911
0.0034
3.30635
71.0671
22.2115
72.2463
3.7231
77.5784
24.8976
0.0063
1.68625
0
0
71.4032
5.4687
0.0104
24.8791
3.0781
0
0.1112
2.05216666666667
25.956275
65.87482
1.9754
67.9402
1.9562
73.1621
74.3889
76.9341333333333
0
0
0
0
0
0
1.1017
2.4955
4.44324
6.95148
45.736875
74.3081083333333
8.5928
89.605
1.9245
0
2.9972
66.9046
4.3734
42.87955
3.4926
48.0092
69.6315
2.359
0
8.4342
67.5077
0.0041
0.10435
30.2213
70.849
84.2411333333333
98.04045
99.0227
4.4365
33.6898
9.3767
58.9455
13.0816
5e-04
0.23885
12.5167
77.7417
8.1501
39.54315
5.4096
0.0372
0.1811
0.5737
0.627425
0.7108
1.14218
5.19271428571429
7.9766
0
0.0024
2.33306666666667
9.30815
61.3077
1.6493
2.7461
3.0838
12.4876
42.4206
73.47066
18.5032
19.6692
0
0
0.0059
0.0196
0.0234666666666667
4.79
28.2791916666667
72.0529857142857
0
0.0292
0.033
0.0566
67.828275
87.55277
6.5001
6.5688
2.6885
3.3578
54.410025
0.0082
12.4872
43.60715
70.567
2.4425
3.0002
6.05725
51.1264
3.5832
74.5858
0.2426
0.8243
1.2929
1.9118
1.9579
8.23515
10.9956
20.135375
29.7531833333333
38.9599208333333
0
3.8375
70.1315
89.8100333333334
99.561625
1.4261
0
15.37945
11.1902
62.5437
4.6151
13.0039
42.2074
63.4671333333333
43.9333
9e-04
3.3708
5.4803
0.0694
0.1359
0.155
0.76955
0.867483333333333
0.95618
1.74684285714286
14.9038
1.0118
2.1327
2.4947
4.3689
5.6726
5.7979
51.5410666666667
63.9202
73.42148
75.63134
80.8019
84.1786
3.2746
2.1246
4.8804
43.149175
69.20385
77.4524
74.0142
0
81.0424
3.9661
65.17765
16.0638
0
7.0962
49.35535
0
72.4695
0
3.37395
69.1300666666667
2.8382
4.4206
42.70845
4.2291
69.5536
2.4274
47.791
1e-04
2.8574
9.4084
0
8.1823
2.3542
3.78675
6.2307
68.9091
73.5238
76.00495
0
2.1022
45.5589
50.9658333333333
0
0
9.323275
0
2.593
2.91715
60.5938166666667
67.9926
2.4621
3.853
64.9800666666667
17.1483
50.86825
67.9385666666667
3.0246
9.1509
3.329
4.3856
0
0.0055
2.3252
12.812825
0
0.0113
4.41773333333333
0.0021
0
3.1624
66.579875
3.8626
0
0
0
0.0049
0.0896
0.1198
2.227
3.082
3.47385
4.40425
4.413
5.4428
11.7735
23.783025
34.7147777777778
36.9958
41.95885
52.3800416666667
59.766069047619
64.8672021978022
67.830065
68.6068
69.2685977272727
4.9407
0
92.9216
72.1205
0.0033
3.77015
0
0
2.7806
2.8176
7.50081666666667
39.36095
52.37184
8.5631
3.1519
53.6828
0
5.35295
75.2048
3.6645
7.5621
0
5.2924
60.3435666666667
61.8752
65.21504
72.9606
79.3704
2.8121
18.8705
26.9195666666667
2.1322
16.54925
4.1192
5.9872
29.72045
46.9631
61.80628
70.2488
10.4402
0
2.6812
4.81543333333333
7.76985
89.46738
3.3775
0
0.8449
1.0594
1.145025
7.996
76.2941
0
2.1064
2.1645
2.66663333333333
8.3792
51.90966
0.4134
0.83645
1.55223333333333
3.338375
0.021
2.7659
2.8998
21.819425
49.566475
62.9784
74.0592083333333
0
0
4.0036
49.829625
2.0315
30.82395
39.1117333333333
0.8005
3.5413
23.0015
24.0801
75.4065
81.0171875
0
17.121
4.7958
38.59975
2.9647
0
0
0.042
0.06025
1.40053333333333
2.602
3.1494
3.2717
5.5659
7.8045
8.40855
13.0282
22.78255
30.5822
34.7084833333333
35.83545
50.2231
51.0256142857143
51.349625
55.6089
58.49998
61.5766774509804
68.8820304347826
0.6856
3.7768
43.4666666666667
2.8285
6.6029
65.3212
76.659
0.0057
10.90975
5.8613
19.965
78.32165
58.5207
0.2051
2.52095
22.2915
7.0554
4.1619
42.45515
0.0985
0.12765
31.2499
7.6428
86.72605
6.3558
9.9809
2.8353
5.9918
7.8251
11.55535
32.6217
48.7097333333333
51.3985
60.0584
62.2869333333333
62.83985
76.0067942857143
3.8941
40.8173
74.550625
4.049
1.398
2.6235
2.1648
0.0308
0.54285
0.8777
1.5949
0
0.1595
51.101275
10.3784
2.3565
20.5897
63.9892
0.0078
36.8989
59.7061666666667
76.9645
92.8785
66.2307
0
2.0792
0.4356
0
0
4.14846666666667
17.535725
58.4296
37.4688
0.1387
2.9562
39.769
70.9734333333333
71.235825
22.7501
2.922
3.9584
30.361175
65.7408
26.8386
2.5179
43.6728
60.9495
74.8238
9.583
61.3772
5.8194
47.9419
15.4863
27.7566
38.1011666666667
2.5088
0
4.9178
0
2.8021
37.1719
68.4697333333333
2.9475
4.403
22.647725
2.8347
1.9926
3.1328
4.7995
59.4466
1e-04
0.1191
1.9092
1.98045
20.0158666666667
42.7792
80.9173
3.2599
4.26425
78.6713333333333
2.0221
4.53175
63.8766
2.1672
69.2184
2.7805
2.9073
0
5.25685
72.9784
0.0609
6.56555
7.79503333333333
0
0
0
0
0
0.00506666666666667
3.29928571428571
4.7057
12.9727
1.4472
60.0118
88.0699666666667
0
92.7059
0.0361
74.5784
0.059
0.1399
0.1621
0.190225
0.5917
0.691
0.757225
1.0401
1.3274375
1.88891333333333
23.4138090909091
75.1377
11.5435
45.86825
47.5369
3.3407
2.1852
3.4278
13.5503
14.2403333333333
0.0062
2.8502
66.6497
70.1663
0.0167
4.1578
5.7644
0
0
2.7562
58.139
84.419725
5.8873
31.6474
51.1853
94.90285
7.2772
0.1891
41.1573
0
8.1599
2.4844
0.0197
78.734
0.0053
3.4061
40.18095
0
0.0087
6.19763333333333
36.004875
4.1756
1.5213
1.60185
0
3.596
17.7416
70.4341666666667
62.8517
70.1623
0.0295
0.0911
0.12135
0.334366666666667
0.5361
0.6992625
0
0
0
0
0
0
0
0
0
0.0034
0.0083
1.5888
2.10685
2.1923
6.10581071428571
10.5754875
29.4707333333333
36.8793727272727
46.3725785714286
77.8821263157895
9e-04
6.7155
8.0872
23.5332
88.7526
2.2544
2.8211
5.3512
15.3372666666667
0.2465
2.55735
0
0
0
0
7.61918333333333
17.59156
40.5904
0
6.2409
75.4956
0.0053
0.0241
76.7659
80.1421
8.6186
62.8576
80.8846333333333
0.6217
1.16935
18.2637
0
9.3062
2.2105
65.6417
1.5639
1.7802
0.011
4.1617
0.6799
0.7665
0
0
14.2792666666667
2.4093
8.66435
10.4246
1.5043
2.805
12.1699
47.25995
51.57125
54.79355
60.14424
68.3900722222222
70.4008
92.3632
14.9821
90.6212
105.734375
3.5274
0.0108
2.03865
53.5187333333333
89.382725
0
0
3.22283333333333
3.2139
0.216
2.7071
39.36685
53.6038333333333
77.406225
10.1547
64.2988
0
1.07505
0
0
0
1.6056
1.9856
3.2379
4.0715
4.5407
4.57955
5.08923333333333
10.9053
12.127825
12.1302
16.9700875
25.248
37.63126
50.4172125
59.3852571428571
61.2429744444444
71.9315289473684
3.161
20.2375
0.2192
0.8289
6e-04
0.0027
67.4474666666667
0
1.0885
10.0913666666667
97.5276
2.6169
2.6938
4.37333333333333
11.7541
69.0856
1.0467
1.53035
2.8066
53.123175
2.2584
12.6239
75.2324
0.0033
1.9864
33.9881
10.7389
3.6417
7.2673
5.4897
63.72845
0.1467
0.24825
76.1376
78.9396
81.8223333333333
0.3943
15.6294
2.6048
32.72865
81.1405333333333
62.7547
0.0258
3.5999
5.0245
0
2.3305
2.9328
5.4919
20.2486
0
0.006
0.0186
2.959
13.5678666666667
19.5581916666667
0.8026
0
93.8243
1.6567
5.1116
15.717
2.402
36.9924
0.0027
3.12965
10.5961666666667
71.394075
0
5.0603
8.18693333333333
0.2315
9.03935
79.9415666666667
72.8609
2.5127
70.6733
63.5045
13.6284
2.0404
2.5225
15.03405
61.8094
21.0032
0
1.6361
4.1747
9.02045
65.80406
75.8634666666667
3.7762
30.9725
114.80145
134.1327
14.5857
42.79125
0
0
87.4721666666667
1.9868
7.4958
72.9013
0
10.7094
0.102
6.7581
74.4093333333333
2.1534
4.6209
78.6741
3.1589
0.0573
1.9236
0
66.409
70.1725
5.7148
24.504
0
0
0
0
0
0
0
0
1e-04
1.3549
1.6891
1.8449
2.4888
3.9109375
4.3519
5.2149625
6.26758333333333
7.1327
35.61284
43.2018
47.1679907407407
54.71284
77.6009015625
78.26104375
107.533766666667
1.8079
9.8213
10.4595
25.22625
41.1599666666667
62.6281583333333
67.8069714285714
3.3563
28.3466
36.20945
56.13135
63.55602
61.6136
2.2923
7.6571
69.4594
0
0
0
0.2584
0.4619
1.25565
1.6516
1.8477
1.9198
1.9432
1.956
2.3818
2.4835
2.52105
2.5911
2.911325
3.11026666666667
3.23723333333333
3.48355
3.5303
4.3249
4.3927
5.53675
5.89356666666667
6.120125
6.5608125
8.887125
9.4827
10.59565
13.2779
14.64235
18.4038
21.8168777777778
26.293637037037
29.96
31.6034583333333
40.863375
42.03305
42.19475
49.27130625
52.5283846153846
57.2171741935484
57.43826875
64.4010442424242
89.7251527131783
0.5704
6.5874
69.79675
0
74.48685
3.9899
46.8332
0
1.3267
55.7806333333333
76.82285
9.2128
76.81775
0
51.3697
70.5242
7.6014
53.3571
0
0
1.1641
1.51065
25.92904
4.8215
0
2.2724
9.86625
0
2.0999
2.9392
3.7627
6.20145
6.32463333333333
23.8963
41.2979333333333
56.19214
58.0578133333333
0.379
1.8775
2.19545
90.6275
3.0548
70.6289
69.7465
0.5333
0.76
3.36973333333333
0
67.831
6.8397
0
0
0
0.0066
2.4448
7.20703333333333
69.3910428571429
16.3451
1.7846
73.6968
57.719
66.26655
0
57.2291
0
3.1641
67.2906333333333
0
18.6459
53.27305
5.1942
0
0
0
0.0061
37.0893
0
2.1954
2.8761
7.9302
23.9608
35.66526
86.706
3.1698
0
0
0.0066
3.2434
5.007
39.2033583333333
70.2870857142857
0
2.5135
84.5804
99.0086
87.1337
6e-04
0.00105
0.00343333333333333
0.1338
0.33326
0.446933333333333
0.761028571428571
3.2861625
11.5941
0
0
5.4977
0.2098
3.8709
4.5799
7.22375
8.8009
10.5250111111111
49.2429916666667
56.3765125
3.5658
0.0026
0
0.3568
1.16085
74.567425
65.7779
2.5857
67.23245
1.5577
11.7031
1.2015
70.7103
62.2941
65.2726
10.1109
0
0
1.4846
65.1725
74.22215
11.8244
17.3025
39.93445
63.7337
78.92138
70.1393
2.215
2.6183
0
9.1352
0
3.8049
9.1726
12.243875
37.6914875
11.4429
10.1715
4.3558
0.0402
3.01715
0
66.8324
74.9704
80.0081
0
0
60.00965
72.71645
0
0
0
10.224925
0
0.034
2.2878
24.8748333333333
62.0997
2.7983
1.2428
81.5951
88.2709
0.8709
0.5105
4.9376
17.79115
0.4616
2.26515
10.1993
10.9713
15.3361
55.7558
0
68.091
5.1974
57.43455
77.2421
4.0304
41.10915
6.3934
0.0043
6.7566
0
17.85555
52.5019333333333
3.2772
13.92135
21.0919
62.5889
3.1145
4.6724
69.0019
0.6806
0.9813
1.20066666666667
1.629925
0
2.4911
10.9951
62.7951833333333
0.8403
2.6214
0
6.6583
7.1266
3.6136
27.6736
8.9049
15.706
72.6311
1.3413
4.8424
12.7979
63.39005
0
1e-04
3.5698
0
23.2919
0.0454
0.1523
0.1617
0.2813
0.313
0.561383333333333
0.0126
10.1419
123.304933333333
3.4672
9.10595
13.4986
67.7042
9.5519
69.5249
3.6648
0.786
0
66.94615
0.9211
1.6446
33.3398
61.3755
74.603
83.76195
0.0098
1.4876
9.1619
39.00475
3.5473
60.07705
0
2.6576
0.0778
53.0516
65.5714
2.3585
0.1144
0
7.5793
71.60395
0
2.785
23.3215
47.979425
63.42886
0.0132
36.6757
63.1678
1e-04
0.0175
1.3851
1.3939
3.14995
3.9304
6.35748333333333
7.3581
11.5915666666667
21.55347
0.1808
37.5471
9.9244
0
0
0
15.8315
8.1796
2.6087
8.00055
52.9003333333333
71.517775
0.0732
0.2034
0.2728
0.36495
0.512
0.5381
0.76895
0.9233
1.17103333333333
1.2754
1.899
2.12419333333333
2.69939375
6.525198
26.0800666666667
1.7358
2.7048
20.9638
4.136
78.03305
71.9787
5.9448
8.0311
11.8100333333333
0.8255
2.249
0.0781
10.1878
45.58535
0
0
0.0645
0.0661
0.0701
0.0875
0.0892
0.0916
0.0966
0.1026
0.1341
0.1449
0.14765
0.148216666666667
0.16125
0.20185
0.2353
0.235766666666667
0.247586666666667
0.26775
1.19911333333333
3.57495
5.56975833333333
9.91673333333333
26.7387764705882
33.5538072727273
0
2.2772
3.5226
9.46545
53.0345555555556
6.564
41.9797
69.764
0
1.8311
74.7649
6.6103
2.2757
2.4656
11.2782
60.51585
0
0
0
1.5542
59.37968
66.2913833333333
6.3964
67.476
0.0072
14.92515
0.0422
48.1497
14.6865
74.7721
0.1667
15.3032
42.4269
66.08105
0.0024
0.0644
0.27945
0.341966666666667
8e-04
4.03115
2.5796
8.21625
86.8002666666667
2.5228
4.24785
7.7648
36.3569166666667
0.712
0.8021
0.84105
0.984116666666667
1.03042
28.1762166666667
0.1903
0.4721
1.31803333333333
2.328
2.4028
2.5819
3.05665
5.2895
11.5974166666667
14.89875
34.6554761904762
36.334
49.071635
55.3152305555556
0
0.0039
0.0048
0.010425
13.44344
16.0415333333333
0
0.0075
4.0285
29.9664
77.8123
63.7402
2.4726
0.0024
3.46625
0
2.6298
5.58665
19.1614666666667
85.76312
2.8299
88.7463
0.067
4.0954
18.60905
39.21675
61.8782222222222
70.7591
0
14.829
50.13115
77.0129666666667
79.3252
11.5814
3.8453
1.964
10.553
22.66735
52.6072
74.3574777777778
0.7492
14.408
2.4075
2.449
31.99805
53.2187333333333
0
0.0019
0.00493333333333333
3.5976
0
0.0056
0.0062
3.45263333333333
67.85
0
2.6625
2.5811
45.81215
0
0
0
2.5723
74.3355888888889
24.2577
0.0831
1.47555
0
2.5488
6.6004
11.2361
49.8293
63.19385
7.3685
24.83045
0.4375
0
3.478
69.02375
74.4418833333333
0.0034
0.0084
2.0487
44.3222
0
0
0
0
0
0
0
0
0
0
0
0
0
1e-04
0.024
0.0241
0.0288
0.0308
0.0334111111111111
0.0378
0.0421
0.0436
0.05
0.0672
0.1434
0.2086
0.24605
0.275166666666667
0.4049
0.5382
1.0118625
1.7364
2.38029
4.41455
4.69765
4.947725
9.01120833333334
10.5717166666667
15.403532
22.91886
26.1663866666667
30.8140059782609
42.4268193548387
42.6586833333333
54.8781335064935
0.0015
0.8516
69.5878
0
15.70525
0.4966
2.7204
2.8989
12.696
41.90065
58.4768
0
0
3.1012
4.3889
4.90543333333333
10.764275
30.8956333333333
4.9214
60.9962
63.58015
0
0
0
0
0.0051
2.0142
3.3907
7.0021
7.1077
14.3867166666667
15.8517833333333
20.7221
35.8077285714286
64.864142
75.3785
0.0016
10.1866
22.1793
68.66035
78.9232875
3.4607
14.8949
39.2796
56.9078666666667
75.963025
45.1983
67.22245
68.5885
69.9085
1.9296
3.4416
4.4205
8.5058
20.0347
1.8313
0.0032
0
2.9848
38.91575
2.3873
2.9544
3.2624
17.77715
0
6.5115
11.0644
32.959
35.4702
6.9933
0
0
3.4306
3.8268
4.2422
7.3183
11.24676
25.7706
41.8978166666667
2.3589
8.0651
2.756
2.4262
4.6763
55.752675
24.25
0
0
4.6244
41.4275
84.2755555555556
0
0
0
8.2706
4.0346
5.46575
11.4125
2.2478
2.5512
3.5771
0.8655
0
0.1136
0.7216
0.9428
3.624
9.56095
29.7789125
46.0201444444444
84.0888888888889
1.9118
1.6039
6.5502
31.2026
5.563
6.3787
25.668825
2.4819
6.7167
41.508825
2.627
2.6236
0
0.0482
2.3055
3.2553
40.3418
70.6570333333333
2.8651
9.2698
6.0127
5.5248
6.0137
71.570225
64.3512
72.602
0.722
0.7999
1.2408
1.39925
1.4407
1.52294444444444
6.79055833333333
4.6833
0
6.9014
73.43065
92.9581
3.8071
5.819
11.4166
2.8388
64.6157
66.6714
74.0355
3.4001
15.8282
54.43135
64.3221
68.44665
0
0
0
2.2188
67.218
8.4003
70.5086
73.74665
5.2025
54.48005
0.3942
2.188
5.3458
0
0.1148
4.12926666666667
30.56835
42.5552
60.6326833333333
0
0.0252
0.1045
0.1119
0.3497
0.5442
2.32576666666667
2.3556
10.4605
23.51642
30.7040666666667
31.1202642857143
52.0636333333333
58.3079613636364
70.7766
74.38135
2.3504
2.4008
63.23895
0.0142
2.3049
4.1481
6.4789
7.33785
27.7602
39.985125
57.1121
62.1911375
2.7003
4.0955
27.5744666666667
8.2698
59.42265
0.2234
0.3436
9.07656666666667
11.736
17.0609
10.2222
0
0
0.0593
0
2.4757
78.2132
1.6361
15.15375
34.7289
74.8442
83.85315
7.5907
1.7785
17.384
0
0
0
0.08825
1.090975
0.1
1.90475
2.29706666666667
6.6233
28.316825
35.36403
0.028
78.8741
2.5894
34.35895
72.5997
2.2621
4.12515
27.9634333333333
0
0.6544
52.8482
13.3405
0
0.0698
0
0
0
0
0
64.1008
4.7282
2.6097
27.851
0
0
0
0.0327
7.3293
6.3195
0
4.21885
5.1127
38.23725
4.033
0
0
0
0
0.0154
1.6232
4.23164285714286
20.859475
24.2638
34.1682388888889
6.5525
16.4099
72.0898
75.32475
0
7.2564
2.5418
0
74.0759
38.0777
0
12.13155
0.4512
0.5152
0.0537
8.5514
65.3516
2.2533
2.3312
27.359025
82.8295
1.9048
3.0465
3.8185
4.4454
5.0381
10.91435
21.1748
26.3947833333333
32.477225
51.00111
54.342125
59.0667
59.8737571428571
62.99255
65.2784714285714
66.75268125
84.0238294117647
1.5345
2.6287
21.603125
0.0151
0.7293
1.81375
4.58876666666667
1.4271
33.60955
8.378
67.46365
87.8381333333333
0
8.9316
3.7698
4.6175
2.6008
82.4908
1.0029
5.13955
6.45946666666667
26.4792
37.9222
0.0674
0.70965
1.9278
2.5026
2.7754
3.713
33.99625
43.7511333333333
52.0436
56.1711444444444
56.442175
0
2.3048
60.9346
65.66135
3.6347
2.9106
9.4531
16.5956
0
0
0
67.0533
0.0132
3.0388
0.1392
5.55
91.2398
12.377
2.631
2.6829
36.251
38.3712
61.0886333333333
61.2282
2.1148
77.68025
0
0
0
0
2.1252
2.2754
2.3205
3.0964
3.32475
4.19295
6.58565
7.1761
23.6725428571429
30.8407666666667
40.7279125
42.849605
53.014834375
63.6026
79.6917
0
1.9945
6.9546
9.1637
18.7941833333333
53.55464
0
0
0
1.9537
8.41475
60.0366875
65.5386666666667
75.2982125
5.2383
0
57.96845
76.611
3.9866
10.0064
3.6823
2.575
1.8457
2.50645
6.4627
0
0
0.0136
1.6455
5.55136
36.9973666666667
0
0
0
2.741925
7.66218
0.0834
0.3359
40.806
0.6832
1.23065
22.7594666666667
28.24415
36.50314
43.24305
2.0024
51.3519
59.0461
3.8315
2.3085
37.5889
0.0201
2.1027
2.6591
5.5968
6.1692
10.0195
12.00195
14.2962666666667
23.4011133333333
44.47505
51.59906
60.7121090909091
0
0
3.1649
9.748
66.875
5.9913
0.0082
3.86475
2.4932
0.0375
3.0159
3.7813
4.0978
6.46686666666667
38.1673375
55.3361
59.1248222222222
0
2.5911
8.50925
38.3095666666667
63.3752
11.8133
19.0986
75.4624
64.2476
18.4718
65.8556
0
1.1442
37.4236
0
0.0053
0.7659
1.6204
13.8297555555556
19.1735
0.0089
6.3492
0.1431
7.7864
57.036525
0
5.4832
0.5464
8.97935
74.7559
23.8899
65.3592
5.6724
20.9646
1.9918
2.8604
0.3233
2.5845
3.5053
18.07305
1.6472
51.5125
0
1.8051
0.0022
52.9308
1.7922
0.0261
0.1559
2.23535
4.1826
18.5539333333333
43.0356
70.6091333333333
2.6264
25.7901
12.3995
52.9046
1.88
1.9113
1.9824
35.210925
50.033525
2.0973
0
0
3.4787
71.1656666666667
0
3.249
3.6533
27.727475
0
80.3324
0
0
4.6364
49.97525
0
2.4318
11.497
0
2.7943
60.29375
1.6903
24.6279
2.1712
62.13905
13.9314
0.0124
35.4572
1.4489
4.43535
3.9294
9.7786
2.4775
35.94315
9.9945
47.9199
8.1101
0
0
0
0
0.0021
2.79325
4.98251333333333
3.9859
7.4662
20.643
21.0496
21.6646666666667
37.4017
64.53250625
82.86385
0
0
0
0
1e-04
0.0157
0.0185333333333333
0.02005
67.8055
71.2166933333333
2.4638
0.1643
2.4821
67.6195
0.1774
23.9454
2.3193
41.8757
2.5977
5.21015
2.3875
42.82765
4.1409
21.0145
2.1836
10.42585
47.1671666666667
0
3.1086
0.0075
1.61405
81.5844
15.3932
8.4429
3.4777
1.7194
1.8481
6.1123
9.07895
34.3489333333333
55.7694333333333
3.8369
4.5501
13.8423
63.2016333333333
12.253
0
0
2.9447
1.9982
2.9338
2.0678
0
5.29325
24.8744666666667
25.6233
93.95215
0
1.849
2.0676
20.69465
15.8533
89.7264
0.0708
0.0878
0.426566666666667
4.5222
73.34585
1.7981
16.05005
0
3.1336
0
0
0
0
0
5.1695
34.9315
66.7016333333333
2.2884
2.3152
6.521375
57.2531
1e-04
5.1305
14.4925
3.125
8.7099
11.3307
58.8851
72.5715
2.7177
2.8465
3.106
28.426725
54.026425
2.869
0.2437
3.43475
26.5945
47.96425
76.49644
0.2844
0.6839
0.8525
1.22865
1.38131666666667
1.46627
1.6821
1.9269
2.2363375
14.2905333333333
27.7888727272727
0
3.3585
29.536
56.7244
10.7104
0
5.414
86.3799
12.5831
1.4388
67.3224
79.30895
62.4114
2.4672
3.4794
3.9925
5.0462
6.9568
8.7688
12.41185
19.4997
19.94085
35.0778
43.527
50.4192
52.4930777777778
58.56176875
65.8407375
69.9717060606061
3.3087
0
0
0.3353
0.409325
0.51134
1.2899
51.7855
70.8821642857143
3.0045
2.9348
13.1167
30.8169
2.7789
0
2.9273
2.4677
6.1661
8.7039
20.9126
42.0081
3.4116
3.7965
59.89925
0.0205
5.5111
3.43
4.78155
20.8816
5.4843
7.7824
0
0.0033
2.2733
25.02865
8.9948
0
3.9717
5.6155
8.17995
47.4458
0.0327
4.7546
0
2.8458
79.9806333333333
86.1472
0
3.0784
11.4221666666667
13.8832
41.85362
9.3037
0
0
0.070175
2.217825
5.5196
13.0555
0
0
17.5567333333333
0.6044
0.86195
0
74.3132
2.0511
0
0
4.97655
5.0151
78.00595
0
9.7705
22.4269
0.0208
1.8819
2.1603
6.3436
43.25735
0
2.1902
2.8636
30.4696
40.4531666666667
68.24104
0
0.1491
57.3549
86.1419
7.1265
65.3367
0
0.3123
2.4316
5.09875
23.52495
40.84428
55.8204
65.849
72.17315
2.5774
2.7483
14.91425
11.4272
0.0264
4.6961
5.1835
8.4704
11.1417333333333
32.46175
10.043
2.16
42.91465
64.631
0.0229
73.6243
0
2.4785
3.97025
7.5321
48.0069
0.1306
58.2016
3.1684
5.2105
26.1532
0
3.2236
5.5886
26.5838
42.240825
61.1947916666667
65.3316
5.9122
3.2186
4.10555
69.1621
0
0
0.0183
2.90445
3.7927
0
5.9712
4.6529
6.0359
9.0409
40.119
6.501
65.7892
85.1164333333333
93.814
0
0
0
0.011
0.392166666666667
1.4121
3.8235
7.49376666666667
30.1155071428571
80.1149722222222
0
0.0013
11.406825
87.574525
0
0
2.076
6.16965
34.0107666666667
62.6376
96.6684066666667
3.9029
0.1968
0.2436
0.5963
0.6909
0.987
1.2075
1.274125
1.4305
3.407475
11.6215916666667
34.2675678571429
61.07155
74.1796575757576
4.3121
22.0953
0
11.5039
2.5045
1.3866
9.3972
80.2194
0.3427
0.0404
1.0778
1.5812
1.9034
1.990475
2.841575
3.9211
5.02772
7.2314
8.213825
33.5216916666667
44.60975
49.5386583333333
18.0196
98.5729
0
0
0.0978
0.1941
0.2167
0.6596
1.2173
1.31525
4.0043
4.45356666666667
6.2753
7.5295
12.817
14.3562375
31.4304
32.6562416666667
46.810595
60.0961642857143
66.034244
3.0555
44.9215
0.007
2.0726
76.4698
19.4851
68.1477
70.838875
7.1423
2.4826
67.6165
0
0
7.34195
21.5282333333333
0
0
8.5572
1.2423
4e-04
0.0412
1.3341
1.97553333333333
6.8097
4.9336
5.7403
33.1109
1.0327
12.78125
42.7758
57.79415
11.4148
2.9215
0.0398
0.08395
0.0933
0.1696
0.31125
0.7374
1.21755833333333
1.38365
0
0
0
1.8453
2.8802
2.9942
3.1267
3.2615
5.4209
6.99896666666667
13.6250375
22.77874
40.4388333333333
44.1726375
63.4214866666667
1.9121
19.2677
0
0.0129
6.6999
80.0543333333333
18.1426
0
8.5654
0.0106
4.7963
0
0
0.0024
19.1011
0
0
2.054
10.2531
72.3023
3.8039
6.3041
39.7737
4.6348
2.579
65.7946
77.629
0
4.032
41.711175
66.84605
0
3.3731
3.4198
23.6961
51.6169166666667
1.9445
18.0318
70.788775
79.0312
13.8357
2.0825
4.4736
4.5685
22.9959
43.99195
0
0
0
0
1.563
7.79519
0
35.7413
2.5758
10.5184
0
5.87865
3.9145
77.9311
0
0.011
67.8051
3.1175
0
74.2947
9.2802
0
1.7701
0.0433
2.2289
7.506
0
0
0.0058
1.855
5.5482
0.1436
17.74305
64.1639
4.9062
6.5352
37.69365
0
2.782
0
1.8993
37.7931
7.6696
28.3947
0
0.004
3.8667
4.57585
20.268
3.5483
31.0095
0
0
0
0
0
63.4639
66.04905
69.0895357142857
69.6707
0.0065
71.05565
3.1324
38.558
0.0067
1.9659
2.0003
4.3618
81.398575
14.2734
4.2416
1.7012
4.0193
31.391
69.1184
0
0.00605
68.4329
0.642
37.0756
71.5512666666667
68.0975
44.4122
0.0268
8.7496
72.8978666666667
3.5467
0.12
0.1582
0.740066666666667
2.1853
3.71565
2.5694
2.9886
30.58365
40.5253666666667
2.1451
0.0175
3.54535
6.1188
4.8354
0.2084
9.2227
54.7535
4.2546
55.97805
10.845
58.47575
66.4824333333333
3.1418
3.2838
9.2997
10.8731
13.86915
14.0454
33.5028
44.3486
47.67405
47.82495
50.8277
55.3232777777778
60.4351166666667
61.3001666666667
63.0037055555556
68.5027083333333
70.4766046153846
6.9272
8.1463
27.122
10.0174
0
3.1669
0
0.5485
1.01315
34.4238166666667
2.6143
3.3896
3.9003
9.60235
31.9194
45.512825
71.92722
75.1619
77.4810619047619
0.0499
0
7.44565
107.443033333333
66.2409
2.3362
3.8012
33.941775
6.9171
37.6376
67.4132666666667
70.76735
72.8512
75.5448
82.67785
49.4079
1.9794
17.5234
0
0
0
0
0
0.0018
3.15413333333333
47.4014
72.5524285714286
88.77705
101.545154545455
19.7495
4.8342
6.5471
40.13035
0.048
0.4406
1.16315
2.11756666666667
65.54184
0
1.1766
2.005
3.43625
12.9559
63.2226
72.64575
0.125
0.3558
1.171525
1.325675
1.4476
1.60235
2.25562
3.5129
30.65891875
64.08144
0
91.6179
2.1642
38.5501
55.4534
58.6466
27.809
71.7548
2.142
2.7789
74.90435
1.1619
3.9596
6.2397
50.9885666666667
77.1048875
81.6274333333333
0.1276
76.2527
8.8511
0.3094
6.20185
2.4298
2.4553
6.49015
19.72225
3.2927
72.5826
5.8627
1.5549
39.44235
49.9841333333333
3.6479
25.1391
83.31215
0.2563
72.7461
2.6403
5.9844
8.0254
0.0555
2.35585
68.409
2.8914
47.4731
3.6328
43.71145
76.0768666666667
26.6305
0
0
101.5251
2.231
0
0
0.0177
9.25663333333333
20.45858
47.7964166666667
19.0998
0
2.702
5.2182
11.6122
21.4727
30.198775
56.47914375
72.931775
11.8822
2.593
3.1245
4.1482
6.30255
40.2027
58.00953
3.2326
11.717
39.5515
1.8303
3.2466
79.4988
3.2369
59.07985
0
0
0
0
0
0
0.55
1.9773
1.9987
2.0501
2.4135
2.778
2.9548
3.083
3.16755
4.1549
4.71238333333333
5.4156
5.84777
6.2011
6.90926666666667
7.90537142857143
10.2647
18.1063625
23.348625
26.4883666666667
27.2811
34.582125
36.2316375
37.688668
38.8550979166667
49.3433014285714
53.7576654166667
4.8792
2.9641
15.6684
35.5729
0
4.3599
30.43395
2.0055
4.0265
7.3746
21.91975
56.78812
3.8323
9.4167
44.62595
71.4515
73.6267
0
2.3783
3.861425
26.94985
13.692
84.4056
6.4675
0
7.56715
59.6703666666667
2.1561
16.5799
5.3934
64.99795
8.262
2.3833
1.5178
31.9412
0
2.2938
9.8393
58.8578
4.256
34.0421
0
0.0115
5.9795
0
29.2711
0.0046
1.9056
78.206125
1.2566
0.7513
0.7898
0.883275
0.91095
1.00762
1.02701666666667
71.8351
78.3924
6.0376
46.4731
0
2.5915
1.8934
7.9779
20.3432
8.1022
0
4.8197
6.4635
51.7796666666667
69.6565625
2.2431
7.2998
87.1706
0.6455
1.06665
0.8258
43.9908
9.4592
0
0
0
0.0909
4.23701666666667
0.3816
0.2059
2.3469
3.67925
4.67325
5.2932
0
0
0
0
0
0
0
0
0
0
0
0
0
0
0
0
0
0
0
0
0
0
0
0
0
0
0
0
0
0
0
0
0
0
0
0
0
0
0
0
0
0
0
0
0
0
0
0
0
0
0
0
0
0
0
0
0
0
0
0
0
0
0
0
0
0
0
0
0
0
0
0
0
5.26315789473684e-06
1.25e-05
1e-04
0.0012
0.0012
0.0012
0.0014
0.0015
0.0015
0.0016
0.0016
0.0017
0.0019
0.002
0.002
0.00203260869565217
0.0021
0.00213636363636364
0.0022
0.0023
0.00242105263157895
0.00265
0.00299285714285714
0.003098
0.0037
0.0042
0.00452
0.0047
0.0051
0.00586666666666667
0.00602
0.0074
0.0077
0.00868765432098766
0.0093
0.0093125
0.0113
0.0179916666666667
0.0181
0.0218333333333333
0.0221681818181818
0.0275
0.0385
0.0808095238095238
0.236441333333333
0.3483
0.5006
0.58
0.82166
0.999866666666667
1.0399
1.0465
1.1833375
1.19610743589744
1.26551428571429
1.33635714285714
1.4967125
1.5587
1.5632
1.56673333333333
1.73687777777778
1.74761428571429
1.81911090909091
1.90102222222222
2.05535
2.15169090909091
6.88735
7.454957
7.92612372093023
8.73797880952381
12.6290957264957
16.5547846041056
16.7435216269841
17.2103507575758
37.9944029411765
119.416362408759
0.5782
0.71845
2.0501
2.4697
4.34745
6.0928
7.54105
31.8045666666667
46.529075
61.7017708333333
0.1472
3.75215
43.2626333333333
0.0087
2.3139
2.6444
4.9168
12.5316
22.659925
34.0313
42.4953333333333
56.3313833333333
64.08663
68.6987272727273
0.4417
14.3741
0.0063
1.5774
28.376
51.2899333333333
0
15.65785
11.471
81.4289
1.8433
0
0
0
0
0
0
0.0931
0.1998
0.2605
0.3181
0.33408
0.357616666666667
0.4113625
0.558888888888889
0.67996
0.931566666666667
0.9711
1.20725
1.7103
1.75346923076923
1.7663
2.4287
2.6225
3.0167
3.16234509803922
3.5027
4.353935
5.4624
5.93286666666667
6.865
12.1536666666667
12.33629
25.0491275862069
46.6969
61.55098
89.9950467741935
1.6641
17.4089
0.0033
3.05
72.074425
60.8499
2.3052
2.5542
35.98395
67.0227
70.946375
76.40174
89.1152166666667
14.6253
5.4091
0.0792
7.6129
1.4819
73.504
14.7314
0
4.3299
68.8336666666667
0
7.5642
24.9469
69.07625
7.3829
0
0
0
0.0552
0.0617
2.31683333333333
13.72014375
16.9119375
73.2462
78.885
0
0.003
0.0035
2.9427
3.189
4.39835
15.9545444444444
73.0282666666667
83.2702571428571
45.4072
67.1687
0
1.7969
3.3998
18.1121
33.3085
2.6244
2.90315
48.0814
83.16385
69.448
0
0.0152
0
35.7254
62.37035
84.57305
0.0946
17.6186
0
0.2784
4.873
37.33125
71.4334
0.006
2.296
72.4414
81.0377
0
2.1119
2.7161
3.3852
3.56212222222222
0
0.00475
10.8791
0.0426
0.2603
16.4428
25.745
8.1282
76.0567
0.0425
1.6964
8.66855
26.6045
53.66996
0.0439
0.0505
0.8495
1.43525
6.58656666666667
4.9067
39.02375
66.5237333333333
12.1022
51.77055
60.1878333333333
0.0016
68.8652
75.1075
3.1813
33.8402
71.259475
0.0274
0.322
7.45125
19.5098666666667
25.997825
0
0
2.6249
67.2865
70.7666
0.2836
0.31165
3.9522
0
69.7662
12.9943
3.7017
47.9706
18.3103
0.0193
0.12255
0.2158
0.40775
0.5356
3.11438333333333
4.08227142857143
6.352375
11.3807888888889
9.7367
16.4146
68.900125
95.105075
0
0
2.3033
3.379
6.72425
28.5031
45.1821416666667
50.4359785714286
16.7069
0
0
0
0
3.31923333333333
40.5748
74.627
64.9442
23.0232
68.2269
76.5555
80.0205
0.0201
0.0721
10.16185
58.4911
7.0966
45.0152
9.3888
42.7647
72.5381
6.9327
0.0191
15.76935
22.3472
0
2.0751
73.5450666666667
10.5438
24.6097
2.1367
37.3686
3.2257
10.0371
10.5136
35.2864
55.0332333333333
60.94499
71.9726428571429
0.0395
0.04525
66.3216
15.2023
2.4862
40.8568
59.1348
66.082775
85.19604
9.6474
0
0
0.034
6.784
17.1177875
0
2.7246
9.06945
77.3067
5.8234
0
0
17.8244666666667
0
4.19125
7.6864
37.8312666666667
70.47746
73.7177
0.7105
0.748
0.77665
17.9872
62.4937
18.468
62.7601
6.8185
0.0289
27.7853
45.062
0.0385
1.0686
1.1984
1.3384
1.4707
1.80672
3.11687142857143
2.3352
2.8812
24.36475
58.4276
70.21566
1.985
2.92265
3.9701
34.4869333333333
0
0.5216
10.5362
46.53915
0
0
0
0
0.0012
0.0668
0.0798
0.1084
0.1123
0.1147
0.3682
0.706033333333333
1.30996666666667
1.3447
1.4922
1.5559
2.1608
2.62476666666667
3.3486
4.70335
6.96525
12.7015375
18.417625
19.4634
20.646445
23.62215
25.364925
32.1626611111111
32.651825
40.0481105769231
53.7971545454545
0.1772
1.0278
0.042
1.76655
7.0914
4.0753
0.1427
0.3778
0.8168
0.973466666666667
1.36756
65.6849
1.3275
4.90115
6.6051
3.1864
40.5559
1.9833
2.5696
15.597525
2.6658
5.8687
0
0
0
0
0
7.0103
7.1902
7.79686666666667
27.37363125
28.4721
2.4923
8.0584
22.73515
1.4331
75.8231
2.0683
6.6908
20.3944
49.2569
0.019
65.1104
1.6973
21.1068
86.1427
19.566
62.5402
9.7749
2.404
8.71185
29.4257
2.6702
7.339
9.2434
25.7947
76.4486666666667
2.7688
3.09255
6.2062
6.98223333333333
7.4255
34.5323
74.69356875
0
8.33685
40.8346333333333
0
0
7.629
52.6923333333333
78.481975
3.7972
9.8113
11.7596333333333
4.0555
9.3741
57.078675
0
0.1458
0.8918
12.75075
2.1288
82.926
0
2.8015
0
32.69465
64.1445
7.8026
0.7894
1.0492
23.483
64.966
83.17865
2.1618
3.1701
6.7264
3.3848
52.0885
62.383
0
51.0756
2.0806
11.88385
3.395
19.4608
1.9827
1.5068
3.4506
8.437675
80.8264
8.0584
23.17285
90.0818666666667
0.033
0.4027
0.480133333333333
67.763
0.0174
4.78
5.1152
15.3291
49.44035
68.1856
0
1.8717
2.3592
2.7226
3.6738
6.8217
26.3932666666667
41.1617333333333
58.96709
68.1533277777778
1.2638
1.5608
3.5567
38.4453
0.006
58.0728
0.003
84.6964
71.1203
5.8522
87.86355
3.0242
88.0085
0
2.9537
12.9879
3e-04
9e-04
1.06876666666667
73.92375
0
0.0054
0.0297
2.571275
6.297
0
1.8685
60.7481
5.5391
9.7965
68.2057
0.5893
1.7148
61.621
6.7626
83.04705
90.0286333333333
2.4028
0
3.19805
3.9664
34.62985
6.1528
3.7232
4.17745
103.2355
0.0484
0.1519
0.5002
0.66575
1.0935
1.26243333333333
1.96411428571429
18.566775
0
0
0.0034
33.482075
81.13804
91.3679166666667
16.3162
70.45375
5.0483
18.6374
0.0012
3.9956
8.8147
40.4665
0
8.1732
11.502
25.4710333333333
67.9454375
2.4453
8.92695
4.2437
45.77025
1.2215
70.508
2.3956
23.7394
43.0825
48.567
62.74794
71.1296
2.193
73.676
77.5723333333333
0.0313
13.3473
62.01855
62.9710666666667
64.5249
69.97106
28.8101
73.9609
80.09635
0.1299
0.34615
110.2978
0.0759
0.0868
0.09905
0.12305
13.0851
29.2937
12.5805
29.8667
33.751075
0.0478
12.6781
81.0897
99.634475
11.0925
0.0339
0.065
9.4952
25.29055
1.9022
7.4015
0
82.8603
50.4122
0
3.957
51.1657
0
79.9079
83.0192333333333
66.1661
0
1.5617
25.303
0.008
8.3187
67.2584
8.3587
3.5812
48.83355
37.9609
2.0464
43.56285
0.0211
5.0128
37.7315
11.4583
47.5175
1.1845
38.7145
83.5514
2.6128
8.4161
52.34235
9.4392
2.6127
34.3802
45.650025
70.0773
2.0659
0
19.3893
70.58475
73.7645
11.2521
6.0217
40.51855
61.3107333333333
74.7999
5.1076
75.3131
5.1637
3.7017
2.8096
73.3715
2.4067
2.4175
5.6033
7.8488
42.7452
44.1718166666667
48.8537533333333
1.6338
65.618
2.8318
46.77115
3.4875
5.171
0
62.0876
2.6906
42.7269
0.0916
0.2261
6.2464
0
2.3462
3.0049
7.50115
12.3142
17.3251
35.6479333333333
94.4986
66.4062
2.0105
4.54325
0.3344
4.7778
2.5401
2.8741
2.9264
2.7512
4.0103
11.9952
31.5397
2.8268
0
70.2099
10.0509
1.6371
3.9747
5.78455
20.77665
36.3906333333333
66.9390166666667
0
0
0
0
0
0
0
0
0
0
4.5233
35.60073125
48.4232175
69.2825928571429
78.07226
35.2369
0.0058
9.5352
24.8306
3.8212
2.3031
16.8929
42.480875
0
2.141
7.2069
6.6958
3.8564
42.6764
69.2262
14.177
42.5758
0
0.0071
4.84876666666667
53.994025
3.618
4.1938
1.1149
0
5.9796
0.0012
6.8967
78.9655
0.0041
83.8276
4.2417
0
2.1434
76.3532
4.8986
57.16695
63.1522666666667
64.992775
8.358
51.03675
65.2701333333333
3.1996
9.9629
0.0043
30.1304
29.9743
1.6292
62.9521
2.7966
8.2878
42.40065
59.6376833333333
2.4026
8.2099
13.87775
13.8546
75.5259
2.559
37.52665
66.0458
5.6939
8.4267
43.6951
76.19955
77.7976
2.8831
67.21
33.2909
8.2076
0
0.0088
64.3926
0
7.4658
12.8889
38.3302666666667
3.6733
0.002
0.0325
0.86655
2.87066666666667
5.8724
11.4445
46.25263
2.9267
2.761
3.2692
49.613775
0
0
1.7016
2.8019
2.90755
4.65108888888889
6.99645
48.6120111111111
9.7346
2.9275
6.6174
60.1125
2.2514
13.2059
19.0882
32.02855
45.4408222222222
69.0608
77.0352
84.9434333333333
0.7441
19.6406
7.6618
0.4926
14.9812
36.3809
42.56965
12.6189
20.25455
59.8703666666667
0
0
3.8273
3.0511
41.6671
66.8363
10.1832
0.0154
4.87
5.91883333333333
6.736
7.41428
7.82841666666666
8.30592857142857
8.542675
9.08695555555555
9.27131
9.41935454545454
9.508225
9.62992307692307
9.7246
9.7246
9.7246
9.7246
9.7246
9.7246
9.7246
9.7246
9.7246
9.7246
9.7246
9.7246
9.7246
9.7246
119.844834285714
3.4123
4.7299
45.33495
2.8974
3.2035
20.86375
70.4585
0.0088
59.7086
84.6796
69.0166
7.0634
4.4332
89.40785
18.2466
3.5907
0
0
0
2.5948
24.03018
72.8067833333333
9.162
3.6156
0.6932
93.7319
69.4892
0
2.0151
10.6777
28.0340166666667
2.1259
0.009
6.8375
68.7477
75.80155
0
2.2633
2.5547
3.3798
23.7579166666667
38.52786
0
0
0.0154
1.96595
2.3289
6.25286666666667
43.2667
58.225225
63.0261222222222
0.0025
3.198
39.1562
2.9956
5.3563
43.4067
65.8311833333333
91.19774
56.0327
0
3.7654
5.4561
6.0914
2.2336
4.4274
45.0975666666667
3.1862
0
1.7934
2.3023
9.21875
45.7336666666667
53.7055
63.7724
2.5755
41.94655
4.3329
13.1734
7.7523
40.20215
0.0058
70.337
0
6.6724
1.2769
0
1.651
21.8824666666667
4.4876
48.69805
6.6676
47.37855
72.2923
25.5723
0
4.0219
78.488
2.2607
2.5009
6.5625
19.4747
51.12265
4.8404
10.4705
45.98365
50.43795
77.3770111111111
7.8392
17.8496
45.1548333333333
3.0083
3.2989
0
0
0
0
0
0
0
0
0
0
0
0
0
0
0
0
0
14.1704
80.3618
87.6671
70.3764
68.5053
8.1943
0
10.5644
17.0824
37.665525
75.334925
67.9488
10.6333
22.0377
62.6244
29.2157
57.69535
67.9909
2.15
10.9061
2.5056
4.5409
22.60115
6.0786
0.2143
0.5106
0.60365
0.0106
15.22165
2.8102
0.227
3.6531
19.6287
0
2.2475
80.219025
0
8.4353
0
13.8105
65.8758
67.3985166666667
0
6.0172
3.6647
41.072
0.0105
21.6673
0
1e-04
2.31286666666667
0
0
0
0
1.7915
2.9062
3.61379
21.25065
0.0688
16.427
7.1935
72.7512
80.2012
25.4139
53.1264
60.855325
2.5316
0
0
0
0
0
0
0
1.8973
1.977625
3.77215
7.3987
10.5631
76.1633
0
3.2264
0.4546
1.40595
3.37766666666667
5.35105
23.72244
62.6762
8.941
1.0941
2.8699
15.8469
5.1808
40.74955
73.1565666666667
3.1168
65.2224
66.0773
78.2004
92.36885
15.7515
13.9939
1.9392
3.2607
40.5256
1.97
4.15045
9.1549
2.4859
5.106
5.3056
34.04165
36.20665
63.5007333333333
5.517
3.9522
63.9581
18.1298
4.1422
81.5794
2.4676
4.1788
14.68775
32.7578
44.3952125
64.0389
2.4642
44.3509
64.1324
3.2241
2.9504
0.3226
0.0036
73.3675
0
0.1668
2.74245
75.0084
95.7115
12.092
0
0
0
0.0092
0.6919
0.7654
1.02785
1.202
1.8327
1.9361
2.0193
2.34605
2.88933333333333
3.0547
3.17878333333333
4.1392
4.150075
4.1752
4.50518571428571
4.6646
10.0859666666667
10.9089
11.9434428571429
21.51965
28.30915
31.3035029411765
45.2438625
49.7559824561403
58.0359125
0.9359
2.2128
4.0358
9.1494
16.1367
44.9342
49.2639125
44.7006
0
5.4043
0
69.7676
90.0601
95.906125
29.8902
0.042
0.0526
0.0771
0.11605
0.11855
0.15715
0.1872
0.191722222222222
0.2028
0.213366666666667
0.2235
0.24356
0.314566666666667
0.376057142857143
1.0898
1.30615
1.68442083333333
3.4054
5.80303333333333
7.54850227272727
18.4415
21.3358028571429
27.4338522727273
41.0116875
4.9677
0
88.8407
0
1.362
2.8361
8.0998
67.1636
12.6582
2.34
1.9144
0.0716
0.9357
2.4928
0.2165
0
7.45435
0
0
15.50965
0
0
0
67.8313
0.0743
2.3721
3.4573
67.9131
21.519
84.32425
12.8081
8.8059
38.8759
55.8325
0
0
0.0316
3.0265
6.42266666666667
85.2772
0
3.1266
81.8937
0.004
7.1016
24.6395
1.7373
3.0865
49.0525
58.9256
73.9321
1.792
2.5749
34.03445
0.5592
0.5925
2.553
8.2596
44.7388
58.9733
2.0491
36.40495
0
0
0
0
0
0
0
0
0
0.0033
0.00634
0.0071
1.53005714285714
1.87945714285714
61.08285625
67.5941125
3.686
34.76365
0
2.1367
2.1385
4.4324
24.49775
35.2326
45.253375
60.1027071428571
0
2.9698
8.3432
13.34665
58.6576444444445
69.6356
0
0
0
0
0
0
0
0
0.6688
0.7908
1.18556666666667
1.2037
1.282
1.7399
2.1885
2.6967
2.699
2.78135
5.1976
8.22173333333333
9.07545
16.7505461538462
19.069
28.058948
44.4572775
1.6999
3.581
17.214875
25.071325
1.6305
74.6329
67.438
0.2413
0.3036
0.76225
1.06503333333333
1.0779
2.3202
2.7133
9.1945
16.7830625
33.3084166666667
0
4.1839
5.5647
2.5184
34.7484
13.6983
3.4717
8.1832
81.7885
62.1302
11.1737
13.5509
37.366625
65.7835
72.30345
3.0321
0
63.33395
16.5746
75.3404
0
0.0016
4.4088
71.53815
0
9.8894
79.1675
4.6952
4.1463
1.978
37.99655
66.5882
1.8855
2.8291
39.00085
0
0
2.4787
6.8924
47.890575
3.8987
2.6425
6.4826
11.39075
24.8242
3.3533
4.8016
16.28175
2.686
4.8324
0.0639
72.3061
0.6639
1.598
3.1794
2.2737
7.659
32.283875
4.149
2.5832
6.0237
0.7919
27.1546
0.6798
2.6564
2.72555
2.9325
4.6292
5.78386666666667
12.037525
38.54534
86.9910857142857
6.5917
7.42205
1.8007
15.6378
52.522
65.9918666666667
70.385025
0.0578
3.191
34.2636
68.429
0
0
0.8399
1.4242
2.81723333333333
5.3001
17.918875
24.8292333333333
48.1311
59.0778466666667
69.6704
70.13705
0
9.5805
2.3727
6.1913
6.2988
53.4312
3.9025
0.4305
3.4126
3.6841
5.5778
28.86225
59.070525
6.3067
72.8318
13.9489
2.0514
7.3316
48.29465
0.5078
0
0
0
1.718725
2.1546
2.434
5.8549
10.5278166666667
0
2.9472
73.2991
58.7273
0
0.0014
0.0021
4.3402
44.93065
15.4486
32.2367
0
0
1.7483
2.0814
2.2645
2.5224
2.62345
3.21435
3.7554
4.11386
4.5551
8.40527142857143
9.11835
12.1752625
17.4967333333333
20.13279
38.378525
42.2420318181818
56.4013307692308
65.3708144444444
0.0046
0.0095
4.4632
12.239
59.7897
0.0104
1.93905
2.54343333333333
3.923
7.740825
50.6101
0.0324
0.0026
8.8989
5.1663
50.65295
17.598
2.9661
73.36135
76.3926
76.7554
40.6926
93.1056
13.2372
0.246
0.30105
0.344033333333333
0.385325
2.0961
2.4141
3.507325
2.0928
0
0
0
0.6764
0.8019
1.0557
1.1543
1.4384
2.320125
2.46810833333333
2.836225
3.45848
5.30104285714286
16.980175
23.33515
39.3774166666667
0
1.1673
1.96173333333333
31.757625
65.38258
17.7225
77.9351
6.8813
12.9716
19.975775
77.172075
6.2318
0.2819
0.7058
0.0222
62.5548
7.5277
1e-04
0.0101
2.96785
5.62785
9.7719
0
0.0156
2.27475
9.5161
12.1317
13.2259
19.1031
41.7205833333333
47.4628666666667
56.6327321428571
0
29.6454
2.3757
30.4092
57.8342
15.2382
4.4482
3.5121
48.74575
14.0838
0.6156
53.2982
4.6394
0.0484
61.57545
8.1594
107.3369
0
0
0.0012
83.9393
70.3197
1.5689
36.7365
9.0263
69.4606
2.5197
4.1057
4.5815
4.7192
4.8038
18.73935
30.4125333333333
30.68665
38.759475
45.3079233333333
0
0
7.42006666666667
0.2719
0.3766
0.9184
1.1135
1.17108333333333
1.52799
17.1633857142857
2.4671
1e-04
0
0
3.54425
71.9747333333333
1.2014
1.7338
2.9374
42.212125
4.2345
6.4338
0
8.4655
5.1346
87.3891
1.5113
2.8207
68.10205
1e-04
1.5783
0
1.7698
6.9523
41.0180666666667
0
69.3137
74.76605
83.3351
0
4.2282
18.7098
50.3354
62.3834875
0
0
63.3808
17.5247
16.2652
0.0736
0.0827
0.112
0.21075
0.277416666666667
0.38
0.458716666666667
0.0054
0.0299
2.2349
3.0009
3.16745
3.831
4.268
18.53545
33.4784416666667
55.0945333333333
64.9719485714286
72.3264666666667
74.6902692307692
6.863
38.59585
49.9276666666667
64.9262
67.341
12.2499
0
0
0
1.879
2.459
3.5713
15.09895
0.0053
0
0
0
67.3265
80.2831
69.5494
2.7964
66.615
84.5710333333333
95.02725
72.9771
0
2.6896
4.00135
6.2859
24.8945
46.8935
63.4424375
70.12935
74.9115380952381
81.36623
0.002
3.71545
52.3500666666667
4.8508
75.1104
2.0994
22.9015
54.6659
0
0
1.721
2.0897
3.354
34.5411
45.73953
48.85995
0
5.2151
6.8456
80.4881333333333
4.232
66.9284
3.0034
14.46305
32.9463
12.6815
56.2054
0.5443
0
0
0
0
0
0
1.8862
2.1974
2.4426
2.874925
2.958
9.38902222222222
21.4418
26.7506333333333
36.67795
43.0767954545455
60.0039730769231
64.53965
69.968352631579
8.5709
46.72115
75.1834
0
19.4163
71.2077
4.7561
82.0268
93.3606333333333
109.1719
2.9798
0
0
17.3811
5.6885
0
0
0
0.0015
0.8966
2.7465
9.60226666666667
27.2988214285714
39.5540333333333
5.7786
1.4756
0.0044
7.2952
4.8368
0
11.6249
4.8829
0.0049
0.0233
3.94443333333333
3.4179
8.1451
44.0862666666667
50.704275
3.3101
11.8477
0.0695
5.701
51.0308
2.2124
32.59945
1e-04
2.7773
58.67725
19.8285
13.2356
0
0
0.0684
0.1396
0.1426
0.1929
7.96785
13.0783
17.4727
22.6809666666667
33.09715
44.80379375
49.507995
55.4307615384615
61.5845107142857
2.8521
3.5446
2.0844
2.8586
5.9812
10.5269333333333
64.58802
0.0125
1.9157
0
0
0
0
0
0
80.6885
1.9382
49.04085
2.5031
3.5849
56.04545
0
1e-04
1.8135
2.77415
3.74753333333333
5.14626
10.51565
12.3689833333333
28.3331380952381
68.8195
8.2826
41.8265
46.50695
3.4898
6.04985
11.2798
48.9343166666667
0.0049
0.0446
1.3207
6.0287
40.8277875
0
3.2993
80.103325
1.6834
1.8656
37.78175
92.6909
0
0
0
0.0107
0.0443
0.087
1.757025
3.14066666666667
5.27313
10.084725
13.6115857142857
39.4461925
0.2485
26.8854
0.0798
0.6546
50.364
66.7606
0
0
0
2.4951
52.73038
70.849
5.7168
5.7589
9.4039
12.70805
3.7857
0.0738
8.1885
2.759
0
0
0.0409
2.3283
3.0695
10.0965583333333
0
0.0388
2.37013333333333
37.782875
5.9726
46.9276
12.4014
17.2639
5.5072
4.8707
29.9072
2.4544
13.0931
3.7103
69.45535
3.1364
14.3001
33.05915
0
1.837
0
0
0
0
0
0
0
0
0
0
0
0
0.5417
1.5272
2.0562
2.6807
4.05396666666667
8.25281818181818
10.08031
14.1844777777778
20.3211857142857
20.7988958333333
50.3356956521739
56.1377
0
0
0
0
0
0
0
0
0
0
0
0
0
0
0
0
0
0.00692
1.6283375
62.6346
70.6492447368421
80.3211095238095
61.8474
73.9055
3.0304
84.9016
35.4576
66.9277
71.1638
0.0277
4.9293
2.4054
3.3681
75.6863
5.7123
12.6916
65.872475
10.0518
69.7485
0.1291
0.4906
0.640233333333333
1.814225
15.5143
4.0442
9.1545
59.9342
8.5956
10.628
53.4718
65.1745
6.5762
4.2799
7.47055
47.3335333333333
68.022775
0
60.7318
63.87735
1.7698
5.5891
46.1643
49.7581
2.7519
37.5975
0.0027
0
76.3736
0
2.35895
60.5395
0.0342
2.9092
44.93115
2.5571
26.532
25.6528
2.3786
4.6007
1.8868
48.8713
64.2943333333333
3.5812
0.0372
2.5925
9.7488
65.725725
0
0
0
0
0
0.0345
1.7171
1.7913
2.78955
3.3703
4.51125
4.56675
4.7322
5.5769
5.73905
12.5261
13.5026
37.38805
38.4292791666667
40.93923
66.7581625
78.4267727272727
0
97.34755
0.1244
19.1011
20.0851
1e-04
0.438
15.32235
0
3.64595
2.9442
53.63465
72.0926666666667
0
0
0
1.9659
11.829375
15.3538
37.71931
54.8266714285714
60.6388125
2.963
0.017
0.3648
4.5761
14.3416
0
11.7086
0.0296
6.5563
33.2039
35.4867
44.264325
69.3386875
5.9265
0.0403
4.1091
5.9996
28.4224
4.019
54.6722
15.8351
65.4511
3.3635
60.6715
0.0094
0.0222
2.67915
34.7011
3.715
3.4236
13.3785
33.6127
2.8369
1e-04
11.9473
88.8806
6.4341
67.8572
22.08
66.9257
5.4362
17.3142
82.1553
0.0082
0.0242
0.84165
70.9351
2.601
2.8685
9.7072
17.607475
31.8298875
65.6726666666667
11.0769
4.9894
0
10.3724
51.940675
63.5555
6.635
0
6.6117
0.0028
0.0204
1.5705
2.84635
44.1802
0
3.4455
3.9442
3.3919
5.2053
36.89995
0.0064
3.53045
0
0
0
0
0
0
0.1643
0.463
0.7678
1.2295
1.4719
1.6079
1.9004
2.1084
2.2358
2.2448
2.3739
2.4063
2.70955
2.86505
3.115025
4.34268333333333
7.6591
12.50538
13.77935
21.65819
25.350725
31.7797203703704
40.2390714285714
43.2163383333333
69.9597043478261
79.604024
100.625286666667
0.119
2.6777
3.1565
39.24965
50.4400166666667
3e-04
0.4044
2.8117
0.041
0.1242
22.4405
0.0354
2.536
3.80885
46.3813833333333
2.5195
0
0
0.0065
0.0139
0.8694
1.7355
2.1083
2.1316
3.2865
3.6352
3.6986
3.848925
4.21843333333333
19.8008375
25.1573
31.5511833333333
36.2051976190476
47.5582102564103
0
2.3909
39.91615
0.1142
23.75935
26.4689
0.6495
0.9365
38.4508333333333
2.7413
5.8168
78.1016
3.3452
76.1184
2.797
54.03525
8.6836
10.54275
27.2491333333333
68.120725
3.2215
4.0749
4.0054
8.65815
55.4505666666667
33.5253
1.5273
1.86575
0
1e-04
0.0328
4.26476666666667
6.5018
37.28196
72.2068583333333
77.900675
2.0954
5.37185
75.8602
1.5558
1.5997
2.693
11.670625
8.3692
9.7774
0.0034
0.1186
0.1343
25.3931
0
0
0
1.2571
3.91025
40.2612916666667
0.0128
1.53535
1.8253
10.6040666666667
27.15644
29.3202833333333
9.0192
9.1879
80.423625
7.6686
0
0.0167
12.27395
35.1225833333333
5e-04
0.06745
2.0721
69.1350666666667
105.83596
11.2879
6.9982
14.4964
44.5069
0
0
0
0
0
0
0
0
0
0
0
0.0618
2.82315
4.2534
18.90599
7.1055
3.5938
7.5232
55.9322666666667
62.7402
5.4996
70.6279
0.1995
1.02475
4.8653
0.6647
0.7899
70.3928
0
0
0.0536
0.104575
19.01406
88.5526
5.961
65.905
73.0521
1.9253
86.2865
21.0477
69.3881
77.613
3.7442
69.3747
74.1333333333333
0
1.6091
0
90.2977
0
99.6826
10.1711
2.4468
3.1357
5.0931
7.9035
12.5714
28.0016
29.7215333333333
67.6300833333333
79.356688
0.0105
0.026
0.0289
0.0403
0.0512
0.0539
0.0583
0.081325
0.093475
0.09463
0.130085714285714
0.13075
0.4414
0.585366666666667
0.6605875
0.692077777777778
0.7829
0.8123
0.95319
1.01614545454545
1.06909230769231
1.15581071428571
1.16484
1.30409444444444
1.43507105263158
1.52780714285714
2.57630740740741
3.14
0
13.8023
52.4029
0
0
0.0123
0.007
0
0
7.4193
2.7566
5.9149
15.52945
61.7452333333333
86.00056
1.971
30.47565
10.138
78.497
0
3.4872
139.2216
3.053
4.31945
2.4547
38.31615
0
0
4.2769
0.0141
3.9389
39.8104
63.421
0.0634
77.59575
0
0
5.1804
4.9919
35.496
0.2021
0.26335
0.6677
6.760075
10.1833
3.569
95.4662
71.0869
0.0167
0.02435
0.0428333333333333
0.0094
3.5613
2.2376
0.0326
3.5595
5.1615
0.113
0.1675
0.1989
3.0135
0
0
0
1.7546
53.02064
1.918
2.0748
20.872875
2.8584
64.7218
69.12585
73.4442333333333
0
0.0033
1.31046666666667
29.7518
37.71498
4.2414
0
0
3.0817
7.174225
45.97912
0.026
0.6671
0.78845
0.8119
0.97975
1.0029
1.03666666666667
1.12154444444444
1.130325
1.17448333333333
1.34402727272727
0
0
0.7329
1.3053
1.4481
2.7528
9.94865
46.49266
64.5939
11.089
0
0
0
6.2906
7.50575
81.96683
0
0
0.7057
6.130975
25.41394
64.0691666666667
0.3143
8.456
69.1859
75.6338
78.0596333333333
2.7599
0.0768
77.5001
0.0139
0.0224
1.55625
1.57055
68.2242666666667
75.0225666666667
4.3046
48.35515
80.3280333333333
1.1385
71.6777
2.6615
2.181
16.8592
65.959
2.4313
0.0097
0.01465
10.2039666666667
1.7987
2.36275
6.0763
76.2253
98.91225
86.2111
0
3.2872
8.6217
15.0252
25.57295
37.0399833333333
44.94419
0.1451
30.8487
0.0088
0.8129
0.0743
0.22085
0.936733333333333
1.249975
3.09702
1.8619
7e-04
0.00175
69.6793
81.4077
0.2091
3.2509
2.7299
4.3784
45.543075
3.2594
0
2.4314
13.3182
1.3677
34.03725
7.9115
2.6292
3.64045
28.186
0.1161
2.5068
34.2539
8.2591
52.7373
0.0307
5.555
8.4097
0
67.4128
58.9711
37.7457
72.1767
73.9258
0
2.7145
2.0355
0.0085
3.29775
4.2526
5.2377
33.4724
80.7302
114.6861
0
2.8509
3.0201
40.0515833333333
72.60302
0.032
0.0441
0.36505
0.991866666666667
3.3092625
2.7114
51.29035
0.0434
0.0713
0.07165
0.251
0.2723
0.3266
0.378066666666667
0.45215
0.4779
0.98299
15.8916
3.5948
11.2413
0
0.1417
0
2.2138
4.4019
44.3754
0.1596
0
0.0428
0.0537
0.0735
0.0921
3.6614
6.2299
29.5003666666667
0.0943
11.2614
71.4102
6.6094
13.4597
52.575425
67.144775
0.9093
6.4744
31.1211
77.3923
0.1243
1.11185
0
0.0183
1.1546
2.9207
14.9826666666667
73.41648
91.9182
4.8145
8.543
39.6347
52.3797333333333
56.3138
0
0
0.3723
16.04
0.0217
0.1303
0.8853
2.0871
4.76025
26.1908833333333
45.1933266666667
3.6604
3.2163
35.0817
0
0.0149
82.8337
5.1774
63.92375
0
4.8911
59.2666
83.8066
4.5511
4.9262
38.6278
7.4085
15.75145
87.3747
0
0
2.364
4.9441
36.9628
0.2983
0.3539
0.593
0.6221
0.5221
2.0957
0
38.9448
26.5172
0.1128
0.1521
0.2693
0.5163
0.82915
2.140525
2.756175
6.40609285714286
14.2172222222222
0.0082
0.4072
1.713325
3.3525
5.20377777777778
4.0524
30.1428
0.968
0
36.3379
0.0193
47.70475
0.7474
2.0862
4.2438
0
65.9924
0
0
0
0.0044
1.0169
1.5414
10.89645
36.4071277777778
5.5243
2.8271
3.4176
7.2917
13.75135
27.7579666666667
47.36073
77.0268
1.8752
2.48545
7.9706
1.1168
1.62295
0.38
76.704
1.8584
69.0666
0
6.87895
62.0729
0
30.82
71.4958666666667
3.3049
8.1115
11.9923
74.7091166666667
0.0055
2.9333
3.40455
3.4708
4.1819
14.46635
23.5585666666667
43.4671583333333
48.9182375
15.9953
0
7.4044
83.8167
84.2944
92.8329
100.842866666667
0
2.765
53.0561
0
0.0324
4.3872
0.0725
0.028
0.0655
1.19255
1.5614
14.386325
21.76526
56.7262
0.7262
35.42345
69.6131333333333
15.7004
78.198
0
66.1932
3.5441
75.97155
4.0694
17.70105
29.9615
101.22675
1.8581
0
2.0156
4.9388
5.67775
73.4758555555556
0.1707
13.7758
0
0.0023
0.0174
0.0183
2.2517
2.593225
3.1357
36.8110642857143
43.7782444444444
65.35375
71.2949
3.7539
4.0763
0.1313
0.273
0.813466666666667
0.869675
0.0431
0.07
0.100666666666667
0.1593
1.04638
65.2161
5.2346
65.51535
11.528
2.0901
9.4652
16.40665
67.3718333333333
2.1032
3.5955
13.82435
0.0083
3.6522
19.0421
71.7057833333333
47.9344
80.43905
78.6163
10.3242
16.7086
38.3832
47.5230666666667
0
3.4429
5.6529
5.0537
5.0795
104.4053
121.895866666667
64.8623
66.1328
0
0
0
0
0
0
0
0
0
0
0
0
1e-04
0.0015
0.00225
0.00265
0.00331428571428571
0.0039
0.00665
0.00895625
0.0188
0.038945
2.6535
4.43208333333333
8.43798
24.8356090909091
30.3745325757576
67.7881065217391
4.4445
0.017
0
3.2135
64.5874
69.7654666666667
13.3555
0.0086
73.7115
8.732
70.1263
79.96515
7.6583
3.0623
10.3004
0
0.0035
18.197625
2.0962
0.0012
0.7918
1.7543
4.0446
6.200225
12.7382666666667
22.82235
44.9252
81.23318
90.9316533333333
91.5942
1.8644
2.0218
54.34435
0.0066
0
46.7306
2.1329
12.3917
0
0.0026
43.4694333333333
2.426
2.6162
3.0884
11.5894
35.449225
37.0969125
59.1546833333333
0
0
1.7658
24.033625
0.0172
0.0608
4.0188
50.484
0
20.84225
0
0.0011
49.2181
0
78.0913
0
12.2979
74.40005
14.566
9.5105
30.8992
0.5248
59.264
0.003
1.60705
16.8334
6.8962
9.3212
10.9388
9.4878
3.8169
72.02555
0
8.7509
0.1511
9.67435
51.7853333333333
7.3838
2.643
65.0026
0
0
0
0
1.5772
1.97395
58.4716
68.72275
5.0231
70.1397
72.7206
3.8348
81.1547
0.0018
11.1333
24.4177
64.8104333333333
0
3.0247
6.6572
19.64875
43.366425
71.078475
76.2892066666667
0
1.1852
1.5112
2.067
27.30105
72.56285
79.1017133333333
5.3711
8.757
25.972
33.4470333333333
0
1.5682
2.0654
2.1348
4.8611
14.3966
21.7872083333333
48.7446642857143
0
0
2.2538
2.902
3.628
56.29578
0
2.4434
6.1523
24.3181666666667
37.69765
57.4066833333333
66.3250285714286
48.1383
0.0018
0.0061
18.3357
7.688
40.8433
65.6
3.6367
40.2279
54.754625
0
2.9908
8.893
80.58485
90.2099
0.1631
0
6.1004
8.1341
26.96915
0.0798
93.7233
1.2171
12.8581
6.9064
5.6856
10.1716
63.7177
65.173275
69.406075
4.8818
5.262
77.7908
0
0
72.1754
0
2.6869
54.3715
61.4765
4.4293
31.63695
78.9625
1.7903
2.2607
3.51145
7.63583333333333
4.1575
63.6785
3.0867
0.0269
0.5043
0.61
0.8986
0.96485
1.06059166666667
1.13272857142857
1.5125875
0.5499
13.622
0.0309
0.8314
7.35873333333333
0
0
2.59255
68.4591
3.813
72.51805
1.5748
12.0949
48.8201
3.2504
52.7283
3.7563
64.4637
66.00815
2.5899
2.8351
4.5193
0.2083
0.85525
57.7491
0.1541
10.4814
2.7476
32.91415
0.0562
0
0.2401
0.4994
0.5466
0.7647
1.0224
1.5997
1.9664
2.0437
2.1716
2.23795
2.4752
2.5967
2.74575
3.0141
3.21085
3.2562
3.692
4.30268
4.3498
5.0507
9.97953333333333
14.6608333333333
15.0813833333333
16.6302833333333
20.36986
28.9766142857143
32.660705
35.85967
41.7375333333333
50.4991547008547
0
0
3.82026666666667
21.85225
2.0037
2.0867
3.8339
3.853225
19.6259875
0.2225
2.5517
3.008
7.6433
5.2574
30.9093
74.82465
2.79
19.5675
55.4761
72.28925
80.7745
0
0
0
0
0.4263
1.3522
3.5526
10.6792055555556
0
0.0172
0.0598
3.4359
6.665375
0
6.5853
14.43865
0.2061
0
0
0
0
0
0
0.0077
0.0166666666666667
0.24
4.00841428571429
7.3136
12.7076166666667
29.3153454545455
0.6695
0.0022
0.00635
8.0515
7.7116
4.6051
9.6935
55.63535
2.7364
66.7727
1.5766
6.0081
0
3.2142
10.5962
19.1049
32.4130166666667
49.82625
58.5033266666667
10.8343
2.3828
0.0202
1.588
1.7885
1.8414
1.961
2.5093
2.5548
2.593
3.69715
3.9652
9.7789
21.7036666666667
22.8534
27.469375
27.5382
34.559075
38.72895
42.58323
45.9005785714286
50.0268483516484
68.214365
73.8014666666667
100.569291304348
2.7316
7.13605
13.9464
15.4612
6.1991
1.6842
67.9147
84.778975
4.2324
28.814
86.2879
71.3752
0.3873
0.7538
2.04486666666667
0
2.8841
5.4295
7.4269
28.1235333333333
51.385725
62.0467333333333
81.853325
0.3847
14.23205
38.9727
4.074
7.20745
21.964
51.0199
2.298
0.0215
0.05005
1.8261
2.3141
2.7923
25.9128166666667
70.676
57.773
0
0
0
0
0
0
0
0
0
0
1.0928
2.10489
3.6744
4.26988571428571
24.196103125
94.08654375
0
14.6026
50.87265
64.91185
69.0409777777778
2.8112
30.57555
2.5924
24.5068
60.15375
65.2977
15.8248
3.3652
0
0
3.5958
0
0
0
0
1e-04
0.0092
0.01415
0.0172666666666667
1.99666666666667
2.9068
10.06654
11.4989166666667
46.0748404761905
7.5936
20.0435
88.608
91.6006
1e-04
0.0847
74.4256
0.0785
0.57965
78.8247
0
0.0957
108.1649
0.2641
0.3229
0.388766666666667
0.396525
0.49838
2.37863333333333
0.7947
0.0103
30.7252
60.8139
63.1051
65.7932333333333
76.2222
5.9865
16.4912
73.5754
2.1972
4.9019
12.5298
41.32015
67.8434
93.25848
0
2.3178
3.9907
62.1877
71.1148
7.2846
5.5702
8.498
39.0053
48.8376166666667
21.8137
0
71.544
0
0
3.8919
7.15648333333333
3.8471
27.5506
4.8443
11.4588
38.915325
64.20815
76.11294
83.8020166666667
1.5103
2.0044
94.74455
3.0453
0
0
0.0107
0.03315
1.7125
2.7373
3.41473125
0
46.4856
12.892
0
0.0693
2.062
0
0
0
0.006
11.6284833333333
26.34759
1.0338
3.4676
39.68075
53.2489333333333
86.8297
1.1371
4.28155
34.9962333333333
45.592925
62.55758
0
5.9247
0.4961
66.85175
6.3999
3.3839
7.7777
4.5692
35.32735
70.1665
71.665
0.696
0
0
2.4806
5.65603333333333
71
0
2e-04
2.9346
6.10418333333333
38.58946
16.3629
2.1861
0
0.0043
0.021
0.1044
0.7248
15.3477166666667
57.0621428571429
5.3595
5.7852
23.886725
0
0
2.1224
4.2142
10.5706
23.3677444444444
49.151525
0
0
2.2109
5.3116
7.79253333333333
24.5518416666667
0.0847
1.7978
2.2647
5.21196666666667
46.81572
63.548
0.0085
0
0
5.8169
8.6808
61.302
0
28.9778
65.4047
0.2409
1.1444
48.1837666666667
59.58775
24.7726
4.8949
0.4123
0.7456
0.870433333333333
4.9527
60.03835
65.1866
0
0
9.3551
9.5788
11.4088
44.42495
68.01725
0.3794
0.6528
0.683633333333333
0.953275
1.4036
1.67536
2.12699166666667
4.931975
13.4868
13.3373
70.17155
66.2278
1.1045
1.1194
2.3656
3.0573
3.058
3.4955
4.78571666666667
8.34166666666667
31.8984625
37.55442
54.8238545454545
1.9751
3.3205
11.2515
64.6614
4.2685
0.0068
44.293
2.6362
73.217
79.64135
76.5609
0.0196
0
1.1245
3.8216
7.9356
64.26656
73.5964666666667
0.0603
1.16955
0
0
4.3366
5.0979
52.1956
88.6525416666667
0.0091
3.0369
7.1284
14.4729
32.7751888888889
50.6605166666667
2.0304
6.3867
3.4043
42.1644
68.3343
0
119.6827
2.0812
5.4774
33.607
45.0773666666667
0
2.088
74.4272
1.9826
0
42.0471
0
5.5221
8.75385
100.706
1.8512
35.2681
1e-04
2.40375
21.1289
45.9570333333333
67.275125
70.12856
72.3179
80.4077
0.7982
2.40245
2.4891
3.2999
2.9965
42.50995
2.6317
0
0.0044
0.6724
1.88176666666667
2.9562125
3.0883
31.7197
79.8667571428572
0
2.2252
2.5491
4.7223
5.136
5.4055
5.9948
11.5228
14.912825
33.606
39.8491916666667
56.4259535714286
68.5827227272727
79.1275769230769
0
8.3751
2.982
70.7733
11.6796
5.9704
72.88155
0
0
5.7315
69.3130666666667
9.6117
75.0242
6.3386
38.7675
3.2881
0.0466
68.73575
2.5097
4.5303
5.3729
5.5579
7.04445
8.441
29.113075
38.6350466666667
40.6057
57.825325
63.2777166666667
74.2219090909091
85.3283538461538
13.0286
5.2439
5.2439
5.2439
5.2439
5.2439
5.2439
5.2439
5.2439
5.2439
5.2439
5.2439
5.2439
5.2439
5.2439
5.2439
5.2439
5.2439
5.2439
5.2439
5.2439
5.2439
5.25215357142857
4.9233
65.85495
70.2318
0.003
6.617
8.50705
48.7260166666667
0.6117
2.3946
0
3.8638
16.60265
18.6031
1.2162
71.0381
36.0999
97.0874
3.0289
21.2596
53.34895
84.2135
90.931
0.277
0.5235
71.101
3.0844
4.7145
0.0188
2.28655
2.6878
32.83165
64.4916333333333
6.5026
10.06655
71.6677666666667
80.74335
0
1.8744
0
3.3662
0
0.0109
2.44373333333333
3.7448
36.4869
40.1622666666667
62.3297714285714
2.3049
0
3.8821
80.0141
0.0578
0.0936
0.1376
0.3198
0.395111111111111
1.4105
1.68225
1.90426666666667
2.1558
2.3336
3.13055
3.9499
4.1206
4.3555
6.05155
6.14235
8.5616
12.4206666666667
15.6550857142857
26.6964
30.0057125
34.690452
37.9722828571429
46.9676636363636
58.5396395833333
60.5471923076923
88.3905555555556
0
13.0178
0
7.6737
6.5193
0
0
0
76.0773
88.9354
0
0
69.8622
2.6187
0
10.2985
0
88.329
0.0135
3.4281
37.0289
51.885075
60.40084
0
0
2.7592
18.94785
1.4886
5.9494
26.9843666666667
57.06005
0
2.5442
3.8622
2.0765
38.3722
65.1212333333333
0.2268
1.8428
0
0
1.8201
2.0927
2.1985
2.3582
5.9139
10.1922
10.7351333333333
20.8644
23.7511444444444
28.535325
39.3163166666667
66.0310425
70.0439464285714
10.8908
0.8887
0.0809
0.657
0.80995
0.92
1.04995
1.14529
1.31011428571429
69.8204
86.7085
2.9764
3.3262
8.04095
22.5317666666667
46.976725
0.0028
61.8923
5.1585
1.2452
7.754
12.2159
19.5686
81.4024
0
5.0805
51.65695
67.31585
68.8305666666667
69.19235
75.1229714285714
4.364
40.06535
1.9804
0
0
0
8.91556666666667
71.9245
0
0
0
0
0
0
0
0
0
0.0033
1.65117272727273
9.5854
32.0651
66.9454
126.4923
0.015
3.47565
49.1427666666667
73.7002
8.0218
79.10215
3.0084
2.2098
0.0748
0.2245
0.378133333333333
27.9087
73.0291
4.1786
0
20.14585
2.5281
4.5873
46.23735
0
69.88745
10.5523
40.78825
52.6968333333333
2.2605
0
2.882
7.6886
40.3948333333333
0.0022
3.3741
7.9611
13.5690833333333
0
0
0
0
0.01955
0.8182
2.6032
3.7548
7.5383
7.6055375
11.2725
22.185425
33.3680694444444
43.048275
59.8619714285714
75.1519933333333
76.724371875
1.0084
1.6576
30.2157
41.7684666666667
19.5702
37.3496
0.6715
1.4391
4.5165
11.5118
24.0079
47.849675
55.8978333333333
63.6076785714286
3.354
67.4586
5.3677
68.10335
73.2154
0
2.8668
8.3371
77.4388
0.3946
0.5907
78.2989
7.2203
0.007
62.3491
5.1217
1.9389
2.2996
2.86816666666667
8.9729
12.878
77.52925
9.1977
0.0071
77.7811
11.6435
0.0747
0.10155
0.6852
0
0
0
0
0
0
3.5305
3.7426
7.26801666666667
32.43662
0.007
0
0
0
4.8848
34.955725
49.28944
0
10.2935
43.89205
1.5457
8.0168
67.9314
70.2507
0
0
30.077375
51.723975
68.2591
1.7914
2.9836
0.0084
0
3.65975
57.2596
2.4733
0
0
2.7364
24.06775
0.1877
16.3611
63.10975
72.7313
78.7227222222222
91.84025
0
0
9.4452
66.80905
0.0087
0.0066
1.9923
5.8427
39.2378
65.0277
4.32
8.3695
22.22845
0.6913
2.6672
2.6278
30.76605
17.0746
56.2128
0
2.6698
3.2054
50.53885
0
3.3197
3.6252
6.0999
12.9847
29.93975
31.44389
49.7386785714286
2.8383
6.41275
0
0.0016
73.1183333333333
4.1462
0
2.8614
4.63396666666667
0
0
2.1723
2.40873333333333
3.7895
5.8759625
38.3818833333333
0.006
0.1328
3.5269
8.7229
24.198
49.4895
0
0
0
0.0052
0.0095
2.1465
3.66796666666667
5.44865
6.8373
15.2379333333333
25.9954
29.0952666666667
36.8991333333333
41.5329125
58.440025
71.3264685714286
71.9226208333333
2.9627
36.0882
0
1.5587
2.0396
2.4875
4.725525
4.2091
12.8268
67.443875
66.775
7.7326
20.7697
42.222125
65.0876
79.16794
85.8039833333333
0
6.6834
15.4593
66.227175
10.1873
13.42935
19.7021666666667
50.239775
0
0.6888
0
0
0
0.1036
1.1239
2.9762
4.07933333333333
5.3394625
25.4531458333333
0
2.142
3.265
0.0029
0.0281
0.0311
2.33945
2.5663
4.1125
5.9254
11.8190333333333
43.8100888888889
54.3390875
0.4706
40.3266
64.626225
0
1.5801
3.39466666666667
102.726725
61.485
7.5392
4.1598
4.9497
13.8943
32.0458
56.1224222222222
0.217
0.22445
0.2604
0.367566666666667
0.55376
0
0
0
0.0035
0.0044
1.6448
2.97555
3.589925
7.28049166666667
9.8275
39.9340416666667
56.6595863636364
10.9026
0
0
0
0
1.9445
2.02825
35.52126
2.7259
22.2824
88.6112
11.993
2.281
3.7503
59.378875
3.636
2.5538
6.612
26.0401
52.9696166666667
3.7112
0
1.8402
2.0424
2.8027
3.2214
5.83005
7.86758333333333
21.25086
33.9695333333333
57.48182
59.8877818181818
64.3985083333333
3.108
62.3643
0.0608
8.1524
2.9115
21.7583
35.80645
2.0324
3.038
3.7323
0.0048
0.01545
2.59343333333333
0
13.8727
0
0
0.00015
0.0011
0.00246666666666667
0.007475
9.6292
0.016
3.77825
0
0
2.604875
42.835925
0
0
26.8682
55.1549666666667
1.8518
2.5864
10.52775
84.88055
3.3707
4.2891
4.3644
27.278775
41.05375
52.69638
0.2922
1.9865
2.3838
31.319825
52.370075
3.8589
91.6769
15.8891
54.37945
0.5745
3.3832
6.7043
56.39015
80.91125
0
0
0
0
0
0
0
0
0
0
0
0
1.131
3.2522
3.49768888888889
21.6778583333333
22.77914625
53.0196
3.106
6.42235
30.2717
67.4781333333333
70.65956
0.0764
9.4169
74.769475
24.02
34.3652
48.46975
71.6650333333333
2.6436
0
7.5143
7.7258
0.0065
86.9955
4.9187
0
1.9477
2.0286
5.5045
6.3774
12.7063666666667
20.5405
35.23885
61.3581666666667
74.7414857142857
66.8662
70.36665
69.9147
2.1445
8.857
64.0496
77.161475
0.8077
2.8075
70.91425
42.4458
0
3.1619
3.6141
3.7695
40.19275
49.605
70.4911666666667
0
0
0
2.8556
6.8280125
33.2037333333333
2.9777
36.6279
0
0.01
0.0167333333333333
0.1083
12.99725
7.6856
65.591
62.0605
75.84795
58.5879
2.2783
2.8983
3.6179
12.9277
15.1044333333333
42.27854
53.33235
57.12825
63.9270142857143
72.9922666666667
89.0089727272727
0
12.06405
64.6137
0
0
0
0.008575
67.85482
0
0
3.534
70.9854
25.2454
0
8.52645
51.8110333333333
71.065675
2.6352
3.6157
5.38606666666667
7.0022
2.1875
0
0
0
0
0.00685
0.0204
1.90426
3.0536
37.06175
9.2736
0
75.0837
2.2802
21.34465
2.3815
81.8395
11.7873
34.07335
37.7137
76.49835
70.9826
78.632
7.138
21.7308
92.1312
0.0034
4.1421
7.3909
14.8029
82.2881
96.6425333333333
75.0403
11.5235
0.0021
1.85055
2.1697
4.0311
4.1786
29.9097666666667
41.1934625
9.8803
60.5932
8.7478
0.0129
2.0356
95.6044
2.9855
0
0
3.0711
3.1519
3.8178
0
9.531
0
0.2798
1.4421
2.4238
0
0
0
3.8177
31.3154125
57.0607666666667
71.0892
0
0.0086
2.52453333333333
53.719875
64.7088
1.6861
4.83735
7.6021
20.98065
0.016
77.148
0
75.6166
0.0786
28.17295
75.5504
9.5314
17.6954
42.8434
6.2756
0
0
0
0
0.00888333333333333
0.0115
1.45615
1.90752857142857
2.42142222222222
5.85806
0.6108
0.791
0
0
0.006
0.2243
0.3414
3.35212
8.7827
10.7136
17.4832
29.4298
57.5242259259259
47.6203
9.5958
0
11.7328
3.1242
9.9994
38.02865
69.3432
67.0018
85.2183
0
0
2.7636
4.11615
4.3144
7.0182
22.738025
43.1094333333333
46.93184
67.1331607142857
70.5098909090909
0
85.2138
79.0926
0
3.9053
5.481575
3.4245
56.18595
81.9979333333333
0
0.0063
16.7918
0
0.0013
0.1609
1.8834
0
0
1.7754
3.1256
68.119975
0.0049
2.2918
78.2759
20.1013
5.2264
6.9696
4.0099
0.0224
0
10.5772
1.8404
2.1031
0.01
12.5358
26.1359
38.8915
70.6374375
1.8889
40.12205
0.1191
2.85625
0
9.807
0.1434
0.2443
3.0485
66.9423
0
2.2558
76.2909
1.5848
12.5953
77.3962
85.9198833333333
1e-04
18.019
2.9302
19.1868
89.8442
5.1461
22.4926
15.6937
24.1823
49.7015
50.6705
70.1723
74.9521
88.93145
73.4514
67.1328
0.0115
79.5583
51.0548
7.1026
69.7383
75.1674
0
2.8542
9.907
21.37685
41.0719166666667
68.25985
79.0996933333333
86.257425
3.1006
3.1242
4.0892
56.6235
75.7923666666667
5.0472
57.7856
0
3.01555
85.0722
0
0
0
1.9061
2.09715
2.93031111111111
2.9247
10.1636
0.0759
0.5245
2.5275
1.962
20.6129
0
0.0042
0.0142
0.026
0.0281
0.0295
0.0397
0.0752
2.19498333333333
2.4742
3.16524
3.45715
6.40964285714286
54.7679848484849
0.0073
9.1789
72.1254
0.0393
1.7612
37.4872333333333
5.1962
0.0055
74.18465
1.8084
2.54895
5.31336666666667
0
2.3806
72.27545
4.9044
54.0875
69.9548333333333
0
0.0016
8.98145
24.3996
63.0881
2.9217
8.4094
22.33865
36.2536666666667
61.23598
80.3931166666667
0
0
3.0561
1.6335
7.3263
8.8561
18.63025
22.4436
32.5697
40.4061833333333
56.52082
72.7821428571428
81.002
6.5966
67.63465
5.3622
6.36955
11.9102
33.26435
69.9609
61.3688
0
0.0256
0.0406
5.29226666666667
7.39535
28.779
0.0025
0.0075
2.50526666666667
19.622425
3.1841
72.5163
2.1893
4.5193
21.219275
43.2971
81.1147
2.5326
64.26665
2.883
2.2523
36.4208
8.2808
16.7959
3.3913
4.12335
20.9303
53.058075
0.3735
0.4608
2.0312
16.4632
3.1164
2.0492
0
52.8919
5.6584
76.2083
0
4.4588
49.4558
63.894475
88.06018
0.0108
0
2.6594
74.8993
2.0491
2.7847
4.45105
4.57058333333333
8.222
33.1718
3.8269
13.5123
40.5959
74.7018
84.844075
10.306
4.4005
0.006
2.3765
0.7709
3.2248
4.67085
15.6277333333333
55.9590125
3.1629
62.30895
2.5593
2.9303
59.1501
3.3746
3.8518
47.001925
0
2.2091
7.4011
0.0332
0
0.0124
1.0717
1.97885
14.62975
38.7044333333333
43.15642
10.742
0.0787
71.862
3.4344
5.9771
2.4816
12.0376
46.906675
1.9305
2.0813
18.4602
40.367425
0.0099
14.0139
59.5314
0.0191
14.6278
18.56385
0.2501
0.45425
2.63626666666667
0
56.6381
63.9198
60.4579
1.955
2.3135
43.1022
2.6477
3.3662
1.9015
6.9923
0
0
0.0369
11.5903666666667
37.9374375
0
0.6451
18.605
0.198
1.9224
1.9727
2.618
2.7442
2.8292
3.829
5.823125
6.0143
7.6048
27.5986
27.8066166666667
33.4045
37.98595
44.639776
50.225115
51.0927333333333
61.7643236111111
64.1065833333333
14.0366
7.6623
17.3824
2.5119
2.9048
3.7079
4.77146666666667
4.8753375
80.0789
66.6375
2.2884
1.355
31.541
1.442
4.6858
0
0
0
0.0145
7.69475
31.7532666666667
40.8671125
45.2951
12.4016
0
3.2218
0.7344
0.8936
1.0276
1.08795
1.20356666666667
2.3554
2.6457
66.474525
2.5294
81.11655
2.715
3.9683
5.6235
49.04145
54.1089125
0
69.4627
0
0
2.2972
7.898475
66.06825
72.73513
0.0334
50.4113
2.1281
0.6263
62.75805
0.9104
0
0
0
0
0
0
0
0.0107
1.39966666666667
2.0441
6.02817
69.7421363636364
53.2986
0.0087
2.1198
5.4085
